6
1 2 0 0 0 0 0 0
3 4 0 0 0 0 0 0
0 0 0 0 0 0 0 0
0 0 0 0 0 0 0 0
0 0 0 0 0 0 0 0
0 0 0 0 0 0 0 0
0 0 0 0 0 0 0 0
0 0 0 0 0 0 0 0
5 6 0 0 0 0 0 0
7 8 0 0 0 0 0 0
0 0 0 0 0 0 0 0
0 0 0 0 0 0 0 0
0 0 0 0 0 0 0 0
0 0 0 0 0 0 0 0
0 0 0 0 0 0 0 0
0 0 0 0 0 0 0 0
19 22 0 0 0 0 0 0
43 50 0 0 0 0 0 0
0 0 0 0 0 0 0 0
0 0 0 0 0 0 0 0
0 0 0 0 0 0 0 0
0 0 0 0 0 0 0 0
0 0 0 0 0 0 0 0
0 0 0 0 0 0 0 0
1 0 0 0 0 0 0 0
0 1 0 0 0 0 0 0
0 0 1 0 0 0 0 0
0 0 0 1 0 0 0 0
0 0 0 0 1 0 0 0
0 0 0 0 0 1 0 0
0 0 0 0 0 0 1 0
0 0 0 0 0 0 0 1
-30 -29 -28 -27 -26 -25 -24 -23
-22 -21 -20 -19 -18 -17 -16 -15
-14 -13 -12 -11 -10 -9 -8 -7
-6 -5 -4 -3 -2 -1 0 1
2 3 4 5 6 7 8 9
10 11 12 13 14 15 16 17
18 19 20 21 22 23 24 25
26 27 28 29 30 31 32 33
-30 -29 -28 -27 -26 -25 -24 -23
-22 -21 -20 -19 -18 -17 -16 -15
-14 -13 -12 -11 -10 -9 -8 -7
-6 -5 -4 -3 -2 -1 0 1
2 3 4 5 6 7 8 9
10 11 12 13 14 15 16 17
18 19 20 21 22 23 24 25
26 27 28 29 30 31 32 33
-128 -128 -128 -128 -128 -128 -128 -128
-128 -128 -128 -128 -128 -128 -128 -128
-128 -128 -128 -128 -128 -128 -128 -128
-128 -128 -128 -128 -128 -128 -128 -128
-128 -128 -128 -128 -128 -128 -128 -128
-128 -128 -128 -128 -128 -128 -128 -128
-128 -128 -128 -128 -128 -128 -128 -128
-128 -128 -128 -128 -128 -128 -128 -128
-128 -128 -128 -128 -128 -128 -128 -128
-128 -128 -128 -128 -128 -128 -128 -128
-128 -128 -128 -128 -128 -128 -128 -128
-128 -128 -128 -128 -128 -128 -128 -128
-128 -128 -128 -128 -128 -128 -128 -128
-128 -128 -128 -128 -128 -128 -128 -128
-128 -128 -128 -128 -128 -128 -128 -128
-128 -128 -128 -128 -128 -128 -128 -128
131072 131072 131072 131072 131072 131072 131072 131072
131072 131072 131072 131072 131072 131072 131072 131072
131072 131072 131072 131072 131072 131072 131072 131072
131072 131072 131072 131072 131072 131072 131072 131072
131072 131072 131072 131072 131072 131072 131072 131072
131072 131072 131072 131072 131072 131072 131072 131072
131072 131072 131072 131072 131072 131072 131072 131072
131072 131072 131072 131072 131072 131072 131072 131072
91 23 13 -14 -26 73 20 126
-121 96 -103 126 111 -29 75 -31
-91 -41 -98 116 95 120 63 83
12 -79 51 35 29 -36 -42 86
121 67 -87 68 9 30 78 121
-44 -46 95 -30 125 -124 69 -109
-19 111 -19 -12 65 82 -60 -47
-103 -62 53 -4 47 123 -25 107
27 124 -81 119 45 73 -123 45
-74 86 56 34 46 82 -85 -55
24 -99 89 -125 -8 -105 57 -29
-100 -26 -50 -12 -58 43 111 -70
2 2 -6 75 -55 119 61 -86
109 -56 81 -6 -100 28 -57 -89
70 71 127 -40 94 -110 -34 121
-76 -95 -80 43 -71 -16 4 -20
2196 -2351 -5697 12384 -7075 1296 -19884 -928
-20776 10289 8700 4394 -1467 19915 20588 -13828
-2003 -18066 1064 6089 -29121 11680 19113 -20005
-9448 -20343 -17911 -284 -13581 -3765 17624 -5136
-11027 19992 -14590 29314 525 17781 -21318 3097
7344 4411 17632 -15643 16634 -12692 23318 10710
457 5126 9056 8794 -8979 26577 -8370 -24777
7098 -41981 7734 -12554 -32511 -8265 17650 -22636
-29 71 -59 -72 66 -78 -86 -112
123 14 38 97 33 28 88 -3
78 105 81 31 -112 95 80 -55
39 62 -34 -114 100 -4 -84 -74
105 -11 -77 -93 92 -55 -102 -75
-112 99 43 -92 -4 48 -70 20
58 -35 -102 -99 -9 118 -63 23
43 -60 -97 18 73 -79 -40 99
68 16 -37 -5 -72 -125 -98 -100
-86 -73 -21 -46 -81 40 -115 -1
100 34 -102 -50 39 -101 -58 -54
-91 28 -32 -64 65 66 -32 -4
-65 -20 -19 102 -81 -84 82 114
-117 7 -128 54 116 49 -81 109
52 75 -116 127 -73 118 21 66
-118 118 39 92 -127 91 -78 72
6154 -31201 22242 -14269 -4536 -22034 19063 -8415
1642 10736 -26361 6411 -7671 -3540 -16452 -2348
8368 -380 -35802 -12448 12290 6813 -36318 -13496
2626 -25310 9841 -1543 -9600 -31727 7200 -1578
12850 -21464 21375 -3657 -12578 -41210 14124 -13598
-14814 -12607 3455 -5122 4204 3793 -7205 10743
-13448 -3762 5433 12325 4341 -3685 -5988 9473
-12518 8943 26213 13451 -25579 -2504 11559 5125
-85 4 18 -10 41 121 -92 -57
-62 -114 -111 113 -64 88 2 4
35 40 -122 -99 -30 -115 121 77
-78 -83 -6 -112 -14 -61 -103 68
-85 82 30 -56 -38 0 91 18
-124 108 -71 32 106 37 118 89
-24 25 -75 116 14 -38 -98 90
-83 -55 -17 -10 -119 29 -127 -33
-92 80 59 -5 123 47 -124 -11
-52 48 120 -42 -4 -54 -102 -51
84 4 -43 -40 -46 79 -2 79
93 71 103 -50 -42 0 -24 -2
-47 112 88 -86 -58 -31 -97 16
116 87 0 111 75 -121 -39 -5
42 87 22 -25 -79 -18 122 -64
117 -67 51 -55 37 -12 72 123
9770 3688 -7662 15377 977 -16361 -13688 1101
26585 -2459 -6310 18890 3492 -14275 20134 -3599
-22594 -10794 5863 -9470 320 1590 21901 -10043
-2216 -38592 -25870 2984 2608 9195 16905 19878
8582 -4265 -2657 -1416 -14130 -6729 19544 -4983
17483 16646 28456 -15530 -23164 -28224 12813 -4911
6744 -9078 20423 -11652 2936 -3555 -7560 10588
7900 -29701 -26745 22348 9102 588 8718 4415