8 8 22 5
0 0 0 0 0 0 0 0
0 0 0 0 0 0 0 0
0 0 0 0 0 0 0 0
0 0 0 0 0 0 0 0
0 0 0 0 0 0 0 0
0 0 0 0 0 0 0 0
3 4 0 0 0 0 0 0
1 2 0 0 0 0 0 0
5 0 0 0 0 0 0 0 0 0 0 0 0 0 0 0
6 7 0 0 0 0 0 0 0 0 0 0 0 0 0 0
0 8 0 0 0 0 0 0 0 0 0 0 0 0 0 0
0 0 0 0 0 0 0 0 0 0 0 0 0 0 0 0
0 0 0 0 0 0 0 0 0 0 0 0 0 0 0 0
0 0 0 0 0 0 0 0 0 0 0 0 0 0 0 0
0 0 0 0 0 0 0 0 0 0 0 0 0 0 0 0
0 0 0 0 0 0 0 0 19 0 0 0 0 0 0 0
0 0 0 0 0 0 0 0 22 43 0 0 0 0 0 0
0 0 0 0 0 0 0 0 0 50 0 0 0 0 0 0
0 0 0 0 0 0 0 0 0 0 0 0 0 0 0 0
0 0 0 0 0 0 0 0 0 0 0 0 0 0 0 0
0 0 0 0 0 0 0 0 0 0 0 0 0 0 0 0
0 0 0 0 0 0 0 0 0 0 0 0 0 0 0 0
0 0 0 0 0 0 0 0 0 0 0 0 0 0 0 0
0 0 0 0 0 0 0 0 0 0 0 0 0 0 0 0
0 0 0 0 0 0 0 0 0 0 0 0 0 0 0 0
0 0 0 0 0 0 0 0 0 0 0 0 0 0 0 0
0 0 0 0 0 0 0 0 0 0 0 0 0 0 0 0
0 0 0 0 0 0 0 0 0 0 0 0 0 0 0 0
0 0 0 0 0 0 0 0 0 0 0 0 0 0 0 0
0 0 0 0 0 0 0 0 0 0 0 0 0 0 0 0
0 0 0 0 0 0 0 1
0 0 0 0 0 0 1 0
0 0 0 0 0 1 0 0
0 0 0 0 1 0 0 0
0 0 0 1 0 0 0 0
0 0 1 0 0 0 0 0
0 1 0 0 0 0 0 0
1 0 0 0 0 0 0 0
-30 0 0 0 0 0 0 0 0 0 0 0 0 0 0 0
-29 -22 0 0 0 0 0 0 0 0 0 0 0 0 0 0
-28 -21 -14 0 0 0 0 0 0 0 0 0 0 0 0 0
-27 -20 -13 -6 0 0 0 0 0 0 0 0 0 0 0 0
-26 -19 -12 -5 2 0 0 0 0 0 0 0 0 0 0 0
-25 -18 -11 -4 3 10 0 0 0 0 0 0 0 0 0 0
-24 -17 -10 -3 4 11 18 0 0 0 0 0 0 0 0 0
-23 -16 -9 -2 5 12 19 26 -30 0 0 0 0 0 0 0
0 -15 -8 -1 6 13 20 27 -29 -22 0 0 0 0 0 0
0 0 -7 0 7 14 21 28 -28 -21 -14 0 0 0 0 0
0 0 0 1 8 15 22 29 -27 -20 -13 -6 0 0 0 0
0 0 0 0 9 16 23 30 -26 -19 -12 -5 2 0 0 0
0 0 0 0 0 17 24 31 -25 -18 -11 -4 3 10 0 0
0 0 0 0 0 0 25 32 -24 -17 -10 -3 4 11 18 0
0 0 0 0 0 0 0 33 -23 -16 -9 -2 5 12 19 26
0 0 0 0 0 0 0 0 0 -15 -8 -1 6 13 20 27
0 0 0 0 0 0 0 0 0 0 -7 0 7 14 21 28
0 0 0 0 0 0 0 0 0 0 0 1 8 15 22 29
0 0 0 0 0 0 0 0 0 0 0 0 9 16 23 30
0 0 0 0 0 0 0 0 0 0 0 0 0 17 24 31
0 0 0 0 0 0 0 0 0 0 0 0 0 0 25 32
0 0 0 0 0 0 0 0 0 0 0 0 0 0 0 33
-128 -128 -128 -128 -128 -128 -128 -128
-128 -128 -128 -128 -128 -128 -128 -128
-128 -128 -128 -128 -128 -128 -128 -128
-128 -128 -128 -128 -128 -128 -128 -128
-128 -128 -128 -128 -128 -128 -128 -128
-128 -128 -128 -128 -128 -128 -128 -128
-128 -128 -128 -128 -128 -128 -128 -128
-128 -128 -128 -128 -128 -128 -128 -128
-128 0 0 0 0 0 0 0 0 0 0 0 0 0 0 0
-128 -128 0 0 0 0 0 0 0 0 0 0 0 0 0 0
-128 -128 -128 0 0 0 0 0 0 0 0 0 0 0 0 0
-128 -128 -128 -128 0 0 0 0 0 0 0 0 0 0 0 0
-128 -128 -128 -128 -128 0 0 0 0 0 0 0 0 0 0 0
-128 -128 -128 -128 -128 -128 0 0 0 0 0 0 0 0 0 0
-128 -128 -128 -128 -128 -128 -128 0 0 0 0 0 0 0 0 0
-128 -128 -128 -128 -128 -128 -128 -128 131072 0 0 0 0 0 0 0
0 -128 -128 -128 -128 -128 -128 -128 131072 131072 0 0 0 0 0 0
0 0 -128 -128 -128 -128 -128 -128 131072 131072 131072 0 0 0 0 0
0 0 0 -128 -128 -128 -128 -128 131072 131072 131072 131072 0 0 0 0
0 0 0 0 -128 -128 -128 -128 131072 131072 131072 131072 131072 0 0 0
0 0 0 0 0 -128 -128 -128 131072 131072 131072 131072 131072 131072 0 0
0 0 0 0 0 0 -128 -128 131072 131072 131072 131072 131072 131072 131072 0
0 0 0 0 0 0 0 -128 131072 131072 131072 131072 131072 131072 131072 131072
0 0 0 0 0 0 0 0 0 131072 131072 131072 131072 131072 131072 131072
0 0 0 0 0 0 0 0 0 0 131072 131072 131072 131072 131072 131072
0 0 0 0 0 0 0 0 0 0 0 131072 131072 131072 131072 131072
0 0 0 0 0 0 0 0 0 0 0 0 131072 131072 131072 131072
0 0 0 0 0 0 0 0 0 0 0 0 0 131072 131072 131072
0 0 0 0 0 0 0 0 0 0 0 0 0 0 131072 131072
0 0 0 0 0 0 0 0 0 0 0 0 0 0 0 131072
-103 -62 53 -4 47 123 -25 107
-19 111 -19 -12 65 82 -60 -47
-44 -46 95 -30 125 -124 69 -109
121 67 -87 68 9 30 78 121
12 -79 51 35 29 -36 -42 86
-91 -41 -98 116 95 120 63 83
-121 96 -103 126 111 -29 75 -31
91 23 13 -14 -26 73 20 126
27 0 0 0 0 0 0 0 0 0 0 0 0 0 0 0
124 -74 0 0 0 0 0 0 0 0 0 0 0 0 0 0
-81 86 24 0 0 0 0 0 0 0 0 0 0 0 0 0
119 56 -99 -100 0 0 0 0 0 0 0 0 0 0 0 0
45 34 89 -26 2 0 0 0 0 0 0 0 0 0 0 0
73 46 -125 -50 2 109 0 0 0 0 0 0 0 0 0 0
-123 82 -8 -12 -6 -56 70 0 0 0 0 0 0 0 0 0
45 -85 -105 -58 75 81 71 -76 2196 0 0 0 0 0 0 0
0 -55 57 43 -55 -6 127 -95 -2351 -20776 0 0 0 0 0 0
0 0 -29 111 119 -100 -40 -80 -5697 10289 -2003 0 0 0 0 0
0 0 0 -70 61 28 94 43 12384 8700 -18066 -9448 0 0 0 0
0 0 0 0 -86 -57 -110 -71 -7075 4394 1064 -20343 -11027 0 0 0
0 0 0 0 0 -89 -34 -16 1296 -1467 6089 -17911 19992 7344 0 0
0 0 0 0 0 0 121 4 -19884 19915 -29121 -284 -14590 4411 457 0
0 0 0 0 0 0 0 -20 -928 20588 11680 -13581 29314 17632 5126 7098
0 0 0 0 0 0 0 0 0 -13828 19113 -3765 525 -15643 9056 -41981
0 0 0 0 0 0 0 0 0 0 -20005 17624 17781 16634 8794 7734
0 0 0 0 0 0 0 0 0 0 0 -5136 -21318 -12692 -8979 -12554
0 0 0 0 0 0 0 0 0 0 0 0 3097 23318 26577 -32511
0 0 0 0 0 0 0 0 0 0 0 0 0 10710 -8370 -8265
0 0 0 0 0 0 0 0 0 0 0 0 0 0 -24777 17650
0 0 0 0 0 0 0 0 0 0 0 0 0 0 0 -22636
43 -60 -97 18 73 -79 -40 99
58 -35 -102 -99 -9 118 -63 23
-112 99 43 -92 -4 48 -70 20
105 -11 -77 -93 92 -55 -102 -75
39 62 -34 -114 100 -4 -84 -74
78 105 81 31 -112 95 80 -55
123 14 38 97 33 28 88 -3
-29 71 -59 -72 66 -78 -86 -112
68 0 0 0 0 0 0 0 0 0 0 0 0 0 0 0
16 -86 0 0 0 0 0 0 0 0 0 0 0 0 0 0
-37 -73 100 0 0 0 0 0 0 0 0 0 0 0 0 0
-5 -21 34 -91 0 0 0 0 0 0 0 0 0 0 0 0
-72 -46 -102 28 -65 0 0 0 0 0 0 0 0 0 0 0
-125 -81 -50 -32 -20 -117 0 0 0 0 0 0 0 0 0 0
-98 40 39 -64 -19 7 52 0 0 0 0 0 0 0 0 0
-100 -115 -101 65 102 -128 75 -118 6154 0 0 0 0 0 0 0
0 -1 -58 66 -81 54 -116 118 -31201 1642 0 0 0 0 0 0
0 0 -54 -32 -84 116 127 39 22242 10736 8368 0 0 0 0 0
0 0 0 -4 82 49 -73 92 -14269 -26361 -380 2626 0 0 0 0
0 0 0 0 114 -81 118 -127 -4536 6411 -35802 -25310 12850 0 0 0
0 0 0 0 0 109 21 91 -22034 -7671 -12448 9841 -21464 -14814 0 0
0 0 0 0 0 0 66 -78 19063 -3540 12290 -1543 21375 -12607 -13448 0
0 0 0 0 0 0 0 72 -8415 -16452 6813 -9600 -3657 3455 -3762 -12518
0 0 0 0 0 0 0 0 0 -2348 -36318 -31727 -12578 -5122 5433 8943
0 0 0 0 0 0 0 0 0 0 -13496 7200 -41210 4204 12325 26213
0 0 0 0 0 0 0 0 0 0 0 -1578 14124 3793 4341 13451
0 0 0 0 0 0 0 0 0 0 0 0 -13598 -7205 -3685 -25579
0 0 0 0 0 0 0 0 0 0 0 0 0 10743 -5988 -2504
0 0 0 0 0 0 0 0 0 0 0 0 0 0 9473 11559
0 0 0 0 0 0 0 0 0 0 0 0 0 0 0 5125
